04013 04021 06001 06005 06013 06017 06037 06041 06055 06059 06061 06067 06071 
06073 06075 06077 06081 06085 06087 06095 06097 06099 06101 06111 06113 06115 
08001 08005 08013 08014 08019 08031 08035 08039 08047 08059 08093 08123 09001 
10003 11001 12003 12007 12011 12019 12031 12057 12081 12086 12087 12089 12101 
12103 12105 12109 12115 13015 13039 13045 13049 13057 13063 13067 13077 13089 
13097 13113 13117 13121 13135 13151 13217 13223 13247 13255 13297 17013 17027 
17031 17043 17083 17097 17117 17119 17133 17157 17163 17197 18005 18011 18013 
18023 18029 18047 18057 18059 18063 18065 18081 18089 18095 18097 18107 18109 
18115 18127 18133 18139 18145 18155 20045 20091 20103 20121 20209 21015 21023 
21037 21077 21081 21117 21187 21191 24003 24005 24009 24013 24017 24021 24025 
24027 24029 24031 24033 24035 24510 25005 25009 25017 25021 25023 25025 25027 
26099 26115 26125 26147 26161 26163 27003 27019 27025 27037 27049 27053 27123 
27131 27139 27141 27163 27171 29021 29037 29047 29049 29071 29095 29099 29101 
29107 29165 29177 29183 29189 29510 33011 33015 34001 34003 34005 34007 34011 
34013 34015 34017 34019 34021 34023 34025 34027 34031 34033 34035 34039 36005 
36009 36013 36029 36037 36047 36059 36061 36063 36073 36081 36085 36087 36103 
36119 36121 37037 37063 37069 37077 37085 37101 37105 37127 37135 37181 37183 
37195 39015 39017 39025 39027 39035 39055 39061 39085 39093 39103 39133 39153 
39165 40017 40027 40051 40073 40081 40083 40087 40109 40125 41005 41009 41047 
41051 41067 41071 42003 42005 42007 42017 42019 42029 42045 42051 42059 42063 
42091 42101 42125 42129 42133 44007 47021 47037 47043 47081 47119 47125 47147 
47149 47165 47187 47189 48013 48019 48029 48039 48071 48085 48091 48113 48121 
48139 48157 48163 48167 48187 48201 48221 48231 48251 48257 48259 48291 48325 
48339 48367 48397 48439 48473 48493 48497 49011 49029 49035 49043 49045 49049 
49051 49057 51013 51059 51107 51153 51510 51600 51610 51683 51685 53011 53015 
53029 53031 53033 53035 53045 53053 53059 53061 54009 54029 55009 55015 55027 
55029 55059 55061 55071 55079 55083 55087 55089 55093 55095 55101 55109 55115 
55127 55131 55133 55135 55139
